OBJECT
 12
OBJECTIVE
 58,4,60
OBJECTIVES
 63,60,104,4
OBJECTS
 12
OBLIGATIONS
 4
OBTAIN
 94,12
OBTAINED
 12
OBVIOUS
 60
OCCASIONS
 77
OCCUPANCY
 50
OCCUR
 53,52,51,103,57,50
OCCURRED
 45,5
OCCURRENCE
 55,63,57
OCCURRENCES
 27,22
OCCURS
 63
OCTOBER
 106,1
OF
 60,57,104,103,63,99,55,5,101,12,97,58,28,98,50,68,66,6,4,13,94,91,88,87,53,52,51,27,105,59,49,32,102,93,92,54,106,100,90,85,69,56,47,45,35,95,82,73,84,80,78,77,48,22,20,16,11,8,2,96,86,81,79,76,74,72,71,65,46,42,29,26,25,21,10,89,70,64,61,44,40,38,37,36,34,33,24,23,19,17,9,1
OFF
 50,60
OFF-SITE
 50
OFF-THE-SHELF
 60
OFFER
 66
OFFERED
 103
OFFERS
 60,4
OFFICE
 6,103,57,54
OFFICIAL
 6,104
OFFSITE
 50,56,53,52,51,55,54
OFTEN
 80
OIL
 60
OK
 12,22,36
OKAY
 87
OLD
 14
OLDER
 60
ON
 12,60,58,5,103,50,104,99,63,97,49,59,98,87,69,68,105,91,88,57,28,96,93,92,72,66,27,6,4,106,102,86,85,82,76,62,36,21,101,100,90,89,84,83,77,75,74,65,61,53,52,51,48,47,46,45,22,20,18,17,14,13,10,8,7
ON-SCREEN
 101
ON-SITE
 50
ONCE
 103,98,84,78,47,27,23,22,17,5
ONE
 97,60,58,80,28,27,5,4,104,101,99,98,93,87,66,57,50,49,45
ONES
 97
ONGOING
 60
ONLINE
 106,95,84,68
ONLY
 66,60,58,94,90,87,50,49,5,105,98,92,91,59,28,25,16,13,12,6,4
ONSITE
 57,50,56,53,52,51,55,54
OPEN
 32,28,10,11,46,78,73,60,17,14,12,105,97,87,80,57,41,40,39,16
OPENED
 58,68,28
OPENING
 57,105
OPENS
 73,19,27,20,81,62,61,45,32,14
OPERABILITY
 104
OPERATE
 57,60
OPERATED
 60
OPERATING
 57,103,60,13,12
OPERATION
 38,60,57,13,103,69
OPERATIONAL
 60,13
OPERATIONS
 13,104,60,58,57,50,49,5,63
OPERATOR
 103,57
OPERATORS
 60,63
OPPORTUNITIES
 36
OPPORTUNITY
 5,4
OPTION
 97,66,59,11,65,106,99,60,49,27,15,10,9,5
OPTIONAL
 58,50,49,60,12
OPTIONS
 25,48,5,106,97,85,66,62,57,28,20,13,4
OR
 60,104,103,57,6,5,99,50,87,82,12,73,68,58,49,25,63,28,97,66,101,98,55,45,27,13,77,4,105,100,88,85,78,30,23,8,102,91,86,83,81,74,48,36,21,20,11,106,80,76,75,67,59,54,24,14
ORDER
 12,104,91,88,99,98,93,87,65,63,57,28
ORDERED
 100,99,101,98,88,27
ORDERING
 60
ORGANIZATION
 63,60,57,13,104,47,6,5,22,4,105,103,97,68,64,54
ORGANIZATION'S
 68,5
ORGANIZATION-DEFINED
 22
ORGANIZATION-WIDE
 63
ORGANIZATIONAL
 63,104,58,50,49,57,60,13
ORGANIZATIONS
 60,63,57,13,4
ORGANIZATION’S
 63,60,103,13,5,4
ORGANIZED
 60,28,99,93,92,69,63,59
ORIGINAL
 94,60
ORIGINALLY
 28
OTHER
 60,103,63,6,91,88,87,57,27,22,97,77,59,26,13,12,8,5
OTHERS
 87,77,60
OTHERWISE
 6,104,94,18
OUR
 4
OUT
 102,97,58,29,6,103,73,50,49,36,5
OUTCOMES
 63,60
OUTLINES
 13
OUTPUT
 24,11
OUTSIDE
 103,57,25,20,66,63,12,6
OUTSIDER
 103
OUTSIDERS
 103
OVER
 60,93,92,85,81,78,77,63,57
OVERALL
 58,50,49,88,94,104,98,85,5,4,106,90,87,86,60
OVERLAP
 66
OVERLAY
 106,60
OVERLAYS
 60
OVERVIEW
 96,5,103,97,28,101,41,12
OVERWHELMS
 103
OVERWRITE
 58
OVERWRITTEN
 58
OWN
 60,25
OWNED
 57,54
OWNER
 104
OWNERS
 63,60,5,4
OWNS
 45
