B
 66,97
BACK
 94
BACKGROUND
 104,103,28,4,3
BANDWIDTH
 105
BAR
 19,93,91,88,27,105,99,98,97,94,92,11,5
BARS
 91,88,56,55,54,53,52,51
BASE
 5
BASED
 60,58,66,63,50,49,65,59,5,104,98,68,12,4,97,91,87,86,69,6,100,99,93,92,89,88,85,84,72,64,62,57,27
BASELINE
 60,106
BASELINES
 60
BASIC
 59,5,106,97,87
BASICS
 7
BASIS
 106,63,28
BE
 57,12,103,60,5,66,58,50,99,98,59,49,4,68,27,6,87,63,28,25,104,82,53,52,51,101,80,46,102,22,18,13,8,105,97,95,93,78,77,74,56,47,45,29,11,100,96,91,89,88,85,76,72,65,55,44,43,37,36,35,34,33,23,21,14,10
BECAUSE
 57,60,103,87,66,55,98,94,63,28,25
BECOME
 101,28
BEEN
 60,104,66,46,5,101,97,95,94,87,84,73,63,100,99,98,82,72,70,58,23,21,20,14
BEFORE
 87,13,12,97,63,57,46,44
BEGIN
 16,10,46,44,27,13,5
BEGINNING
 13,5
BEGINS
 103,43
BEHALF
 60
BEHIND
 68
BEING
 101,60,104,97,68,66,63,57,28,25,12
BELONG
 68
BELONGS
 74,59
BELOW
 63,66,28,5,78,58,20,102,101,99,98,97,96,94,93,92,91,90,88,87,86,85,82,81,80,79,77,76,75,74,73,72,71,70,68,65,64,62,60,59,50,49,48,47,45,44,41,40,39,37,36,35,34,33,32,27,26,25,23,22,21,19,15,13,9
BENEFICIAL
 60
BENEFITS
 4
BEST
 63,60,104,99,68,65,56,55,54,53,52,51,49,8,5,4
BETTER
 60,59,68,26,3
BETWEEN
 103,60,58,49,63,105,94,78,75,73,59,46,12
BEVERAGE
 60
BEYOND
 98,97
BILL
 60
BILLING
 103
BIOMETRICS
 87
BLANK
 99,20
BLOCK
 58
BLUE
 58,71,70,68,50,49,22
BODY
 60
BOLD
 59
BOTH
 66,103,98,5,95,88,60,58,57,56,55,54,53,52,51,50,45,27,25,12
BOTTOM
 99,98,58
BOUNCE
 103
BOUNDARIES
 57
BOX
 82,45,10,77,27,73,25,12,11,99,68
BOXES
 45,23
BRANCH
 28
BRANCHES
 28
BREAD
 72
BREAKOUT
 98
BREAKS
 57
BRIDGES
 54
BRIEF
 28,105,101,86,5
BRINGS
 46
BROAD
 60,56,55,54,53,52,51
BROKEN
 58
BROWSE
 28,27,12
BROWSER
 105,60,18,5
BROWSING
 103
BUDGET
 57,55
BUDGETARY
 60,13
BUDGETS
 13
BUILD
 59,36
BUILDER
 97
BUILDING
 57
BUILDINGS
 57,54
BULK
 99,97,60
BUS
 104
BUSINESS
 103,63,60,50,13,57,54,47,5
BUSINESS/MISSION
 63,60
BUSINESSES
 57
BUT
 104,103,68,63,60,12,6,101,97,87,56,55,54,53,52,51,28,22,10,5
BUTTON
 73,78,46,12,58,25,19,81,23,50,49,18,14,97,87,82,80,77,59,47,44,41,39,36,32,22,20,16,5,105,71,70,40,30,27,21,17
BUTTON/MENU
 41,40,39
BUTTONS
 49,58,73,50,45,39
BY
 57,60,50,103,93,92,104,4,63,54,28,12,27,5,66,53,52,51,6,101,100,99,94,88,87,105,97,91,65,59,55,45,22,21,106,98,89,75,73,58,49,44,43,40,39,26,20,13,1
BYPASS
 5
