QUALIFICATIONS
 4
QUALITY
 105,77,60
QUANTITIES
 104
QUESTION
 73,99,87,68,74,97,78,82,66,98,83,81,72,100,77,76,21,5,105,102,101,80,75,70,50,106,104,94,79,71,58,56,55,54,53,52,51,40,27,22
QUESTION/REQUIREMENT
 68,99,101,80
QUESTION/REQUIREMENTS
 73
QUESTIONNAIRE
 23
QUESTIONNAIRES
 23,106,60,59,20,5
QUESTIONS
 66,87,5,99,70,60,101,68,69,58,40,105,94,65,91,88,86,73,72,106,97,98,79,104,100,93,92,76,75,74,59,90,84,78,57,25,85,81,77,43,36,20,102,95,89,67,50,48,47,44,24,21,4
QUESTIONS-BASED
 66,65
QUESTIONS/REQUIREMENTS
 86,73,65
QUICK
 86,98,85,68,41,40,39
QUICKLY
 49,101,98,97,58,50,43,40
