WAIT
 60
WALK
 46,10
WAN
 103
WANT
 10,65
WARNING
 58,14
WARRANTIES
 6
WARRANTY
 6
WAS
 60,28,98,87,99,66,80,12,6,5,105,102,101,90,82,76,63,57,45,10,1
WASTE
 56,57,13
WATER
 60,57,55
WAY
 95,27,5,68,66,60,56,55,54,53,52,51,26,21,6
WAYS
 60,57,28,27,15,5
WE
 12,94
WEAK
 103
WEAKEST
 91,88
WEAKNESSES
 103,95,5
WEB
 12,11,103,60,36,105,16,106,104,32,8,4
WEB-BASED
 12,4
WEB-INSTANCE
 16
WEB.CONFIG
 12
WEBSITE
 12
WEIGHT
 87,94
WEIGHTED
 97
WEIGHTING
 87,99,97,98,91,88
WEIGHTS
 94
WELL
 103,60,25,97,96,93,85,78,73,68,63,57,46,45,27,5
WELL-CRAFTED
 103
WELL-KNOWN
 103
WERE
 99,100,97,87,66,63,57,106,105,101,98,94,91,88,85,76,58,46,45,28,5
WHAT
 57,99,91,88,5,105,98,97,87,81,78,77,66,63,60,59,58,50,49,45,25
WHEEL
 73
WHEN
 60,25,87,103,77,68,58,105,102,101,99,98,97,81,78,50,47,10,5,82,74,71,70,64,63,62,61,49,46,45,36,32,27,13,12,6
WHENCE
 63
WHERE
 5,60,95,87,85,27,25,86,80,74,71,68,67,66,59,45,43,36,20,12,4
WHETHER
 6,73,68
WHICH
 104,101,60,12,45,5,87,74,59,53,52,51,32,105,103,99,97,93,92,86,72,68,63,62,61,58,57,50,8,6
WHICHEVER
 24
WHILE
 103,60,99,66,63,27,25,12
WHIM
 103
WHITE
 104,26
WHO
 60,53,52,51,50,5,99,97,45,13
WHY
 105,99,82
WIDE
 63,103,60,57
WIDELY
 103,60
WIDGET
 58,50,49
WILDCARD
 27
WILDCARDS
 27
WILL
 12,10,58,46,5,66,59,68,60,11,32,99,87,97,74,49,27,101,80,78,45,105,98,82,50,47,28,14,8,103,93,73,65,44,43,40,29,25,24,22,20,18,17,16,13,4,102,100,95,94,92,90,89,84,83,76,75,69,67,64,63,57,41,39,36,30,23,21,19,6,3
WIND
 57
WINDOW
 12,82,42,36,21,23,20,81,79,62,61,32,26,22,93,78,49,45,37,5
WINDOWS
 12,8
WIRELESS
 104,60
WISH
 12
WITH
 60,103,94,22,5,63,57,46,99,68,58,50,102,98,87,78,28,12,106,101,36,27,21,20,13,4,105,97,85,82,66,55,49,25,104,96,95,93,91,90,88,81,79,74,73,72,65,62,59,53,52,51,47,17,16,14,10,6
WITHIN
 60,63,57,25,4,104,103,100,99,91,88,59,58,46,28,27,22,20,6
WITHOUT
 51,6,103,50,27
WIZARD
 10
WON
 14
WON'T
 14
WORD
 27,106,103,58,22
WORDING
 66,71,69,65,5
WORDS
 91,88,63,12
WORK
 99,97,50,105,101,98,87,53,52,51
WORKERS
 60
WORKING
 85,60,55
WORKSTATION
 103,104,12
WORKSTATIONS
 103,60
WORM
 103
WORM-RELATED
 103
WORMS
 103,57
WORRYING
 87
WORSE
 91,88
WORST
 57,50,103,53,52,51,104,99
WORST-CASE
 57,50,103,53,52,51
WOULD
 57,66,27,104,87,105,97,94,83,80,60,5
WRITTEN
 66,60,103,6
WWW
 105,12
WWW.YOUTUBE.COM
 105
