U
 104,60,6
U.S
 60,104
U.S.C
 6
UNABLE
 57
UNANSWERED
 99,87,91,90,88,83
UNAUTHORIZED
 103,104,60,57
UNAVAILABLE
 104,57
UNCLASSIFIED
 60,104
UNCLICK
 105
UNDER
 28,104,12,102,101,80,68,63,60,57,55,5
UNDERLYING
 70,63,5
UNDERNEATH
 46,40
UNDERSTAND
 28,95,68,66,60,59,58,26,5,3
UNDERSTANDING
 68,63,60,59
UNDERSTANDS
 63
UNDERSTOOD
 98,97
UNDESIRABLE
 57
UNDESIRED
 57
UNDETECTED
 57
UNDIRECTED
 57
UNESCORTED
 60
UNIFORM
 104,56,55,54,53,52,51
UNIQUE
 69,66,106,102,98,97,28,25
UNIT
 104
UNITED
 6,104,60,1
UNIVERSAL
 66,60,105,104,100,91,88,80,72
UNKNOWN
 103
UNLESS
 20,18
UNLIKE
 99,91,88,66,5
UNLOCK
 23
UNLOCKED
 59,23
UNNECESSARY
 28
UNRELATED
 60,62
UNRESTRICTED
 103
UNSECURED
 103
UNTIL
 97,87,28,5
UNTRUSTED
 103
UP
 60,46,99,91,88,73,68,66,25,20,10,5
UPDATE
 59,60,58,8
UPDATED
 106,60,63,22
UPDATES
 60,58,22,8
UPGRADE
 8
UPGRADES
 68
UPGRADING
 60
UPLOAD
 16,17
UPLOADED
 16
UPON
 60,103,6
URL
 36,105,104,60,13,12,5
US
 58,12
USABILITY
 106
USAGE
 6
USB
 104,8
USE
 60,103,25,35,32,106,12,6,104,57,36,105,99,95,91,88,83,68,66,63,62,50,45,41,40,39,30,27,21,16,13,11
USED
 60,12,68,103,57,27,104,99,77,63,58,54,50,106,98,95,72,65,61,49,45,28,25,20,10,6,5,4
USEFUL
 63,60,36,13,5
USER
 12,29,14,103,73,5,82,58,49,46,32,19,50,47,45,30,27,25,10,59,105,78,68,22,99,16,11,4,104,98,85,83,81,77,36,20,96,95,94,87,86,66,26,23,21,17,8,1,106,101,93,92,74,71,70,67,65,62,61,44,43,42,41,40,39,28,18,13,3
USER'S
 29,16,14,105,85,58,50,49,32,26,22,19,18,17,11,8,5,4
USERNAME
 103
USERS
 5,104,74,47,46,20,14,12,8,106,105,103,87,71,70,65,64,63,57,49,32,31,28,25,22,13,11,4
USES
 103,84,60,47,99,65,63,62,61,58,50,49,5
USING
 60,103,57,11,32,28,99,25,13,12,105,101,87,77,70,66,63,58,55,27,21,14,8,5
USUALLY
 99,74
UTILITIES
 54
UTILITY
 8
UTILIZE
 5,11
