T
 60,46,45,105,78,72,49,14,10
TAB
 27,58,40,28,106,97,93,92,91,88,68,64,41,39
TABLE
 99,101,2,102,100
TABLES
 93
TABULAR
 91,90,88,85,93,92,89,84,5
TAG
 60
TAGS
 12
TAILORED
 60
TAILORING
 60
TAKE
 68,12,97,65,63,60,14
TAKEN
 98,76,57,103,102,91,88,58,28
TAKES
 97,68
TAKING
 57
TANGIBLE
 54,57
TARGET
 63
TASK
 105,11
TASKS
 95,13
TEAM
 13,5,36,103,99,68,57,32,4
TEAMS
 5
TEAR
 102,97
TECHNICAL
 60,99,97,95,13,5
TECHNICALLY
 4
TECHNIQUES
 103,60
TECHNOLOGIES
 60,63
TECHNOLOGY
 60,104,87,66,63,58,28,5,4
TEDIOUS
 68,5
TELEPHONE
 60
TEMPLATE
 101,97,5
TEMPLATES
 26
TEMPORARY
 14,57,55
TEN
 60
TERM
 104
TERMINAL
 104
TERMS
 35,32,104,12,10
TERRORISM
 104,62,60,58,50,49
TERRORIST
 60
TEST
 28,60,13,5
TEST-ONLY
 13,5
TESTING
 60
TEXT
 74,82,45,22,58,98,72,68,59,27,99,76,75,12,101,77,70,96,71,46,36,28,23,106,103,102,87,69,5
TEXTUAL
 98,97,77,74,45
THAN
 87,99,66,105,98,97,80,72,68,62,60,57,45,28,4
THAT
 60,57,99,98,63,104,58,87,66,5,12,103,50,46,4,97,91,88,102,27,105,94,68,20,101,100,82,74,49,32,23,21,10,96,73,28,14,13,8,90,89,83,81,80,79,76,75,71,70,69,65,64,62,61,55,48,47,45,44,43,40,37,36,35,34,33,16,11,6
THE
 60,12,57,99,58,5,103,68,98,66,97,63,28,27,50,101,87,104,49,73,46,22,91,82,45,88,25,102,93,74,59,78,92,105,47,20,90,13,6,4,106,94,32,19,11,36,100,85,21,10,86,69,55,84,72,77,65,62,54,51,80,40,23,81,53,52,95,70,44,41,39,14,64,61,48,29,96,76,17,8,75,71,43,56,26,16,18,83,67,38,30,89,79,42,37,34,33,35,24,31,3,1,7
THEIR
 60,63,46,57,29,97,49,47,14,103,83,74,70,64,58,50,43,31,30,25,20,13,11,10,4
THEM
 103,46,5,105,87,74,63,58,50,49,40,29,27
THEMSELVES
 66,28,5
THEN
 57,66,50,68,12,99,94,80,10,87,53,52,51,46,22,105,103,100,98,97,95,91,88,63,58,55,49,40,28,27,25,14,4
THERE
 60,103,105,101,80,63,27,12,102,91,88,83,74,69,66,57,46,25,20,15,11,5
THEREFORE
 105,4
THERE’S
 60
THESE
 60,57,103,63,12,58,102,99,97,95,88,66,47,28,21,5
THEY
 60,46,5,99,74,63,66,61,10,103,101,87,83,76,68,65,58,44,38,28,25,20,16,12,4
THINGS
 97,11
THIRD
 103,93,92,90
THIS
 60,12,99,103,101,57,66,6,91,87,98,97,5,94,88,75,68,63,58,14,10,105,102,77,62,59,49,47,32,28,27,8,95,84,81,78,71,70,65,61,50,48,46,45,42,38,30,21,19,16,13,11,7,4,3,1
THOSE
 60,99,87,104,102,101,98,97,66,62,58,57,50,28,27,5
THOUGH
 87
THOUGHT
 103,60
THREAT
 63,104,60
THREATENING
 104
THREATS
 60,103,63
THREE
 104,66,60,103,69,63
THREE-WAY
 60
THROUGH
 60,5,10,103,99,81,78,77,73,63,46,27,14,12,8,4
THROUGHOUT
 22
THUS
 103,97,60
TIER
 63,62,64,60,101,99
TIERING
 60,58,50,49
TIERS
 64,63,62,60
TIES
 63
TIHS
 60
TIME
 57,68,84,60,104,103,99,97,66,58,55,14,13,10,8,5
TIMELY
 104,63
TIMES
 102,57,46
TINKERING
 103
TIP
 25,58,50,49,44
TITLE
 19,101,99,82,102,87,74,60,104,100,98,97,80,78,45,28,27,25,5
TITLED
 68,60,28,27,13
TITLES
 99,72
TO
 60,103,57,12,63,104,58,106,5,99,25,82,50,97,28,4,73,46,98,68,49,27,47,87,20,105,101,62,29,10,95,78,55,77,61,14,59,13,8,6,90,93,84,45,24,23,21,85,80,74,36,32,30,22,11,102,100,92,83,81,75,66,65,41,40,18,3,96,91,88,86,69,56,48,44,43,39,31,26,17,16,15,94,89,72,71,70,67,64,54,53,52,51,19,9,7
TODAY
 60
TODAY'S
 60
TOGETHER
 101,99,98,63
TOGGLE
 59,73,41,40,39,25,71,70
TOILETS
 57
TOKEN
 87,60
TOLERANCE
 99,63
TOLERANCES
 60
TOOL
 4,106,5,32,13,104,36,102,99,66,57,105,101,98,77,68,60,59,58,50,49,47,38,37,34,33,25,12,3,1
TOOL'S
 36
TOOLS
 20,19,21,60,5
TOP
 99,98,86,58,97,66,65,60,46,40,10,5
TOPIC
 28,99,27
TOPICS
 28,70,66,27,13,4
TOPOLOGY
 104,13,5
TORT
 6
TOTAL
 91,88,99,93,92,90,57,50,101,97,85,66
TOUCH
 103
TOWARD
 60
TOXIC
 50,57,53,52,51,60
TRADE
 60
TRADEMARK
 6
TRAFFIC
 103
TRAILER
 57,55
TRAILERS
 57,54
TRAINING
 36,60,32,13,5
TRANSACTIONS
 60
TRANSFERRED
 60
TRANSIENT
 60
TRANSIT
 60,54
TRANSMISSION
 60
TRANSMIT
 60,103
TRANSMITS
 60
TRANSMITTED
 103,60
TRANSPARENT
 4
TRANSPORT
 57,60
TRANSPORTATION
 60,104,58,57
TRASH
 25
TRAY
 11
TREATED
 103,57
TREE
 28,66,27
TROJAN
 103
TRUE
 12
TRUST
 103
TRUSTED
 103
TRUSTED_CONNECTION
 12
TRY
 105
TSA
 60,104
TURN
 103
TUTORIAL
 105
TUTORIALS
 36,106,105
TWICE
 57,31
TWO
 60,27,5,66,57,28,106,94,84,15,13,12,9
TYPE
 58,102,98,95,83,28
TYPED
 27
TYPES
 58,27,97,83,57,50,49,48,13,12
TYPICAL
 103,60,104,57
TYPICALLY
 103,105,80,76,74,70,60,5
